1661955909.000000, IBI
29.015625,0.734375
29.750000,0.734375
30.468750,0.718750
31.203125,0.734375
31.968750,0.765625
32.765625,0.796875
44.453125,0.718750
45.187500,0.734375
45.953125,0.765625
46.812500,0.859375
47.703125,0.890625
48.562500,0.859375
49.406250,0.843750
50.203125,0.796875
79.109375,0.781250
79.921875,0.812500
80.703125,0.781250
81.484375,0.781250
82.328125,0.843750
83.140625,0.812500
83.937500,0.796875
84.734375,0.796875
85.531250,0.796875
86.359375,0.828125
87.156250,0.796875
87.953125,0.796875
88.734375,0.781250
89.515625,0.781250
90.250000,0.734375
90.984375,0.734375
91.734375,0.750000
92.515625,0.781250
93.281250,0.765625
94.078125,0.796875
94.859375,0.781250
95.625000,0.765625
96.375000,0.750000
97.140625,0.765625
97.906250,0.765625
98.656250,0.750000
99.421875,0.765625
100.187500,0.765625
100.937500,0.750000
101.703125,0.765625
102.468750,0.765625
103.250000,0.781250
104.000000,0.750000
104.812500,0.812500
131.515625,0.812500
132.296875,0.781250
133.093750,0.796875
150.640625,0.734375
151.406250,0.765625
152.187500,0.781250
152.968750,0.781250
153.750000,0.781250
154.515625,0.765625
155.312500,0.796875
156.109375,0.796875
156.906250,0.796875
157.718750,0.812500
158.531250,0.812500
159.375000,0.843750
160.250000,0.875000
161.156250,0.906250
190.671875,0.734375
191.406250,0.734375
192.140625,0.734375
192.875000,0.734375
193.593750,0.718750
194.312500,0.718750
195.062500,0.750000
195.828125,0.765625
196.609375,0.781250
197.406250,0.796875
198.171875,0.765625
198.968750,0.796875
199.765625,0.796875
200.531250,0.765625
201.281250,0.750000
202.015625,0.734375
202.750000,0.734375
203.468750,0.718750
204.187500,0.718750
204.921875,0.734375
205.640625,0.718750
206.343750,0.703125
207.093750,0.750000
207.859375,0.765625
208.593750,0.734375
209.359375,0.765625
210.109375,0.750000
210.859375,0.750000
211.578125,0.718750
212.312500,0.734375
213.031250,0.718750
213.734375,0.703125
214.375000,0.640625
215.015625,0.640625
215.656250,0.640625
216.343750,0.687500
217.109375,0.765625
217.984375,0.875000
218.859375,0.875000
219.734375,0.875000
220.609375,0.875000
221.468750,0.859375
222.265625,0.796875
237.109375,0.796875
237.906250,0.796875
238.656250,0.750000
239.406250,0.750000
240.156250,0.750000
240.906250,0.750000
241.656250,0.750000
242.406250,0.750000
243.171875,0.765625
243.937500,0.765625
244.687500,0.750000
245.453125,0.765625
246.218750,0.765625
246.984375,0.765625
247.765625,0.781250
248.546875,0.781250
249.296875,0.750000
250.062500,0.765625
250.843750,0.781250
251.625000,0.781250
252.421875,0.796875
253.218750,0.796875
254.015625,0.796875
254.812500,0.796875
255.593750,0.781250
256.390625,0.796875
257.156250,0.765625
257.906250,0.750000
258.671875,0.765625
259.468750,0.796875
260.265625,0.796875
261.031250,0.765625
261.812500,0.781250
262.593750,0.781250
263.375000,0.781250
272.546875,0.765625
273.312500,0.765625
274.093750,0.781250
274.906250,0.812500
320.625000,0.750000
321.359375,0.734375
322.078125,0.718750
322.765625,0.687500
323.453125,0.687500
324.187500,0.734375
324.937500,0.750000
325.750000,0.812500
326.562500,0.812500
327.406250,0.843750
328.265625,0.859375
329.109375,0.843750
329.953125,0.843750
330.765625,0.812500
347.234375,0.781250
347.984375,0.750000
348.718750,0.734375
349.453125,0.734375
350.171875,0.718750
350.890625,0.718750
351.593750,0.703125
352.296875,0.703125
353.015625,0.718750
353.718750,0.703125
354.406250,0.687500
355.093750,0.687500
355.796875,0.703125
356.546875,0.750000
357.312500,0.765625
358.109375,0.796875
358.906250,0.796875
359.687500,0.781250
360.437500,0.750000
361.187500,0.750000
361.937500,0.750000
362.625000,0.687500
363.312500,0.687500
364.000000,0.687500
490.968750,0.687500
491.671875,0.703125
492.375000,0.703125
580.000000,0.671875
580.718750,0.718750
637.062500,0.750000
637.828125,0.765625
638.593750,0.765625
639.296875,0.703125
639.984375,0.687500
640.671875,0.687500
641.343750,0.671875
642.000000,0.656250
642.656250,0.656250
643.328125,0.671875
644.046875,0.718750
644.765625,0.718750
688.296875,0.640625
688.937500,0.640625
689.578125,0.640625
690.234375,0.656250
690.890625,0.656250
691.562500,0.671875
692.250000,0.687500
692.953125,0.703125
693.703125,0.750000
694.453125,0.750000
695.250000,0.796875
696.046875,0.796875
696.859375,0.812500
700.421875,0.671875
701.093750,0.671875
701.750000,0.656250
702.437500,0.687500
703.187500,0.750000
703.953125,0.765625
704.781250,0.828125
705.609375,0.828125
706.515625,0.906250
731.375000,0.796875
794.515625,0.703125
795.203125,0.687500
795.906250,0.703125
1149.671875,0.640625
1150.328125,0.656250
1308.421875,0.609375
1798.203125,0.609375
1798.875000,0.671875
1799.500000,0.625000
1800.156250,0.656250
1800.765625,0.609375
1840.875000,0.781250
1841.656250,0.781250
1842.437500,0.781250
1843.203125,0.765625
1843.968750,0.765625
1855.703125,0.765625
1866.859375,0.812500
1867.640625,0.781250
1868.390625,0.750000
1876.359375,0.781250
1877.109375,0.750000
1877.875000,0.765625
1878.671875,0.796875
1879.468750,0.796875
1880.234375,0.765625
1881.031250,0.796875
1881.828125,0.796875
1882.625000,0.796875
1883.421875,0.796875
1884.218750,0.796875
1885.031250,0.812500
1885.828125,0.796875
1892.421875,0.812500
1893.218750,0.796875
1893.984375,0.765625
1894.765625,0.781250
1895.562500,0.796875
1896.328125,0.765625
1897.093750,0.765625
1897.859375,0.765625
1898.625000,0.765625
1899.359375,0.734375
1900.078125,0.718750
1900.812500,0.734375
1901.593750,0.781250
1902.390625,0.796875
1903.218750,0.828125
1904.062500,0.843750
1904.921875,0.859375
1905.750000,0.828125
1906.562500,0.812500
1907.359375,0.796875
1908.140625,0.781250
1908.921875,0.781250
1909.703125,0.781250
1910.468750,0.765625
1911.234375,0.765625
1912.000000,0.765625
1912.781250,0.781250
1913.593750,0.812500
1914.421875,0.828125
1915.187500,0.765625
1915.984375,0.796875
1916.812500,0.828125
1917.671875,0.859375
1918.515625,0.843750
1919.359375,0.843750
1920.140625,0.781250
1920.906250,0.765625
1921.625000,0.718750
1928.421875,0.828125
1929.250000,0.828125
1930.046875,0.796875
1930.828125,0.781250
1931.578125,0.750000
1932.296875,0.718750
1933.046875,0.750000
1933.796875,0.750000
1934.578125,0.781250
1935.343750,0.765625
1936.109375,0.765625
1936.906250,0.796875
1937.671875,0.765625
1938.421875,0.750000
1939.171875,0.750000
1939.937500,0.765625
1940.656250,0.718750
1941.406250,0.750000
1942.156250,0.750000
1942.921875,0.765625
1943.703125,0.781250
1944.484375,0.781250
1945.250000,0.765625
1946.046875,0.796875
1946.828125,0.781250
1947.625000,0.796875
1948.406250,0.781250
1949.171875,0.765625
1949.937500,0.765625
1950.718750,0.781250
1951.468750,0.750000
1952.234375,0.765625
1953.000000,0.765625
1953.765625,0.765625
1954.500000,0.734375
1955.265625,0.765625
1956.031250,0.765625
1956.796875,0.765625
1957.593750,0.796875
1958.390625,0.796875
1959.187500,0.796875
1960.000000,0.812500
1960.781250,0.781250
1961.531250,0.750000
1962.265625,0.734375
1963.000000,0.734375
1963.750000,0.750000
1964.484375,0.734375
1965.218750,0.734375
1965.906250,0.687500
1966.593750,0.687500
1967.296875,0.703125
1967.984375,0.687500
1968.703125,0.718750
1969.453125,0.750000
1970.218750,0.765625
1971.015625,0.796875
1971.812500,0.796875
1972.625000,0.812500
1973.453125,0.828125
1974.281250,0.828125
1975.093750,0.812500
1975.890625,0.796875
1976.656250,0.765625
1977.437500,0.781250
1978.171875,0.734375
1978.937500,0.765625
1979.718750,0.781250
1980.500000,0.781250
1981.328125,0.828125
1982.156250,0.828125
1982.937500,0.781250
1983.734375,0.796875
1984.468750,0.734375
1985.203125,0.734375
1985.953125,0.750000
1986.718750,0.765625
1987.484375,0.765625
1998.093750,0.781250
1998.843750,0.750000
1999.578125,0.734375
2106.750000,0.640625
2107.437500,0.687500
2257.953125,0.765625
2258.750000,0.796875
2301.625000,0.687500
2376.984375,0.609375
2448.906250,0.640625
2449.515625,0.609375
2450.140625,0.625000
2450.796875,0.656250
2451.468750,0.671875
2452.171875,0.703125
2452.859375,0.687500
